0 0 0 0.0 0
1 0 0 0.0 0
2 0 0 0.0 0
3 0 0 0.0 0
4 0 0 0.0 0
5 0 0 0.0 0
6 0 0 0.0 0
7 0 0 0.0 0
8 0 0 0.0 0
9 0 0 0.0 0
10 0 0 0.0 0
11 0 0 0.0 0
12 0 0 0.0 0
13 0 0 0.0 0
14 0 0 0.0 0
15 0 0 0.0 0
16 0 0 0.0 0
17 0 0 0.0 0
18 0 0 0.0 0
19 0 0 0.0 0
20 0 0 0.0 0
21 0 0 0.0 0
22 0 0 0.0 0
23 0 0 0.0 0
24 0 0 0.0 0
25 0 0 0.0 0
26 0 0 0.0 0
27 0 0 0.0 0
28 0 0 0.0 0
29 0 0 0.0 0
30 0 0 0.0 0
31 0 0 0.0 0
32 0 0 0.0 0
33 0 0 0.0 0
34 0 0 0.0 0
35 0 0 0.0 0
36 0 0 0.0 0
37 0 0 0.0 0
38 0 0 0.0 0
39 0 0 0.0 0
40 0 0 0.0 0
41 0 0 0.0 0
42 0 0 0.0 0
43 0 0 0.0 0
44 0 0 0.0 0
45 0 0 0.0 0
46 0 0 0.0 0
47 0 0 0.0 0
48 0 0 0.0 0
49 0 0 0.0 0
50 0 0 0.0 0
51 0 0 0.0 0
52 0 0 0.0 0
53 0 0 0.0 0
54 0 0 0.0 0
55 0 0 0.0 0
56 0 0 0.0 0
57 0 0 0.0 0
58 0 0 0.0 0
59 0 0 0.0 0
60 0 0 0.0 0
61 0 0 0.0 0
62 0 0 0.0 0
63 0 0 0.0 0
64 0 0 0.0 0
65 0 0 0.0 0
66 0 0 0.0 0
67 0 0 0.0 0
68 0 0 0.0 0
69 0 0 0.0 0
70 0 0 0.0 0
71 0 0 0.0 0
72 0 0 0.0 0
73 0 0 0.0 0
74 0 0 0.0 0
75 0 0 0.0 0
76 0 0 0.0 0
77 0 0 0.0 0
78 0 0 0.0 0
79 0 0 0.0 0
80 0 0 0.0 0
81 0 0 0.0 0
82 0 0 0.0 0
83 0 0 0.0 0
84 0 0 0.0 0
85 0 0 0.0 0
86 0 0 0.0 0
87 0 0 0.0 0
88 0 0 0.0 0
89 0 0 0.0 0
90 0 0 0.0 0
91 0 0 0.0 0
92 0 0 0.0 0
93 0 0 0.0 0
94 0 0 0.0 0
95 0 0 0.0 0
96 0 0 0.0 0
97 0 0 0.0 0
98 0 0 0.0 0
99 0 0 0.0 0
100 50 50 63.0 15
101 50 35 44.6 73
102 50 -23 -28.13 70
103 50 -20 -24.58 67
104 50 -17 -21.0 59
105 50 -9 -11.09 58
106 50 -8 -9.92 52
107 50 -2 -2.44 42
108 50 8 10.14 48
109 50 2 2.66 48
110 50 2 2.68 48
111 50 2 2.7 42
112 50 8 10.28 52
113 50 -2 -2.24 46
114 50 4 5.3 42
115 50 8 10.38 45
116 50 5 6.68 42
117 50 8 10.51 50
118 50 0 0.51 50
119 50 0 0.51 50
120 50 0 0.51 49
121 50 1 1.77 53
122 50 -3 -3.26 49
123 50 1 1.75 48
124 50 2 3.02 49
125 50 1 1.78 50
126 50 0 0.53 45
127 50 5 6.83 43
128 50 7 9.4 39
129 50 11 14.51 54
130 50 -4 -4.28 51
131 50 -1 -0.54 45
132 50 5 7.01 47
133 50 3 4.54 45
134 50 5 7.09 48
135 50 2 3.36 52
136 50 -2 -1.66 49
137 50 1 2.1 40
138 50 10 13.45 44
139 50 6 8.51 46
140 50 4 6.05 49
141 50 1 2.31 46
142 50 4 6.1 44
143 50 6 8.66 43
144 50 7 9.98 41
145 50 9 12.57 35
146 50 15 20.22 42
147 50 8 11.55 59
148 50 -9 -9.79 54
149 50 -4 -3.58 51
150 50 -1 0.16 46
151 50 4 6.45 50
152 50 0 1.45 53
153 50 -3 -2.33 46
154 50 4 6.46 47
155 50 3 5.24 39
156 50 11 15.35 46
157 50 4 6.64 50
158 50 0 1.64 61
159 50 -11 -12.22 62
160 50 -12 -13.59 58
161 50 -8 -8.67 48
162 50 2 3.85 49
163 50 1 2.61 49
164 50 1 2.62 44
165 50 6 8.93 47
166 50 3 5.21 44
167 50 6 9.02 41
168 50 9 12.86 45
169 50 5 7.91 46
170 50 4 6.7 46
171 50 4 6.74 53
172 50 -3 -2.04 50
173 50 0 1.71 53
174 50 -3 -2.07 56
175 50 -6 -5.88 55
176 50 -5 -4.68 47
177 50 3 5.35 47
178 50 3 5.38 44
179 50 6 9.19 38
180 50 12 16.81 36
181 50 14 19.45 54
182 50 -4 -3.09 62
183 50 -12 -13.21 68
184 50 -18 -20.89 64
185 50 -14 -16.03 62
186 50 -12 -13.65 59
187 50 -9 -9.99 51
188 50 -1 0.0 43
189 50 7 10.07 41
190 50 9 12.66 55
191 50 -5 -4.89 51
192 50 -1 0.1 50
193 50 0 1.35 50
194 50 0 1.35 41
195 50 9 12.69 42
196 50 8 11.52 41
197 50 9 12.86 48
198 50 2 4.13 56
199 50 -6 -5.93 47
200 50 3 5.35 46
201 50 4 6.64 47
202 50 3 5.42 43
203 50 7 10.49 37
204 50 13 18.12 52
205 50 -2 -0.65 48
206 50 2 4.37 60
207 50 -10 -10.73 60
208 50 -10 -10.83 54
209 50 -4 -3.37 48
210 50 2 4.15 45
211 50 5 7.95 51
212 50 -1 0.44 50
213 50 0 1.69 50
214 50 0 1.69 47
215 50 3 5.47 44
216 50 6 9.28 39
217 50 11 15.64 60
218 50 -10 -10.71 52
219 50 -2 -0.73 43
220 50 7 10.59 41
221 50 9 13.18 49
222 50 1 3.19 47
223 50 3 5.72 46
224 50 4 7.01 50
225 50 0 2.01 48
226 50 2 4.53 54
227 50 -4 -3.01 51
228 50 -1 0.73 46
229 50 4 7.02 45
230 50 5 8.32 47
231 50 3 5.85 48
232 50 2 4.62 45
233 50 5 8.42 48
234 50 2 4.69 43
235 50 7 11.01 47
236 50 3 6.04 54
237 50 -4 -2.75 54
238 50 -4 -2.79 49
239 50 1 3.47 45
240 50 5 8.52 52
241 50 -2 -0.25 49
242 50 1 3.51 52
243 50 -2 -0.26 53
244 50 -3 -1.54 49
245 50 1 3.47 48
246 50 2 4.74 39
247 50 11 16.1 57
248 50 -7 -6.47 55
249 50 -5 -4.02 49
250 50 1 3.49 46
251 50 4 7.28 40
252 50 10 14.88 42
253 50 8 12.46 57
254 50 -7 -6.36 62
255 50 -12 -12.73 59
256 50 -9 -9.07 51
257 50 -1 0.92 49
258 50 1 3.43 47
259 50 3 5.96 38
260 50 12 17.33 39
261 50 11 16.19 53
262 50 -3 -1.34 56
263 50 -6 -5.15 53
264 50 -3 -1.43 45
265 50 5 8.62 46
266 50 4 7.41 55
267 50 -5 -3.89 54
268 50 -4 -2.68 44
269 50 6 9.88 42
270 50 8 12.46 57
271 50 -7 -6.36 49
272 50 1 3.65 44
273 50 6 9.96 46
274 50 4 7.5 42
275 50 8 12.58 46
276 50 4 7.62 59
277 50 -9 -8.72 54
278 50 -4 -2.51 46
279 50 4 7.53 47
280 50 3 6.31 42
281 50 8 12.64 62
282 50 -12 -12.48 56
283 50 -6 -5.04 56
284 50 -6 -5.1 49
285 50 1 3.66 43
286 50 7 11.23 40
287 50 10 15.08 50
288 50 0 2.58 51
289 50 -1 1.32 50
290 50 0 2.57 52
291 50 -2 0.05 50
292 50 0 2.55 53
293 50 -3 -1.23 45
294 50 5 8.82 47
295 50 3 6.35 42
296 50 8 12.68 51
297 50 -1 1.42 53
298 50 -3 -1.11 52
299 50 -2 0.12 48
300 10 -38 -45.26 42
301 10 -32 -38.08 36
302 10 -26 -30.84 27
303 10 -17 -19.76 26
304 10 -16 -18.67 20
305 10 -10 -11.27 11
306 10 -1 -0.03 1
307 10 9 12.56 0
308 10 10 13.91 0
309 10 10 14.01 29
310 10 -19 -22.43 27
311 10 -17 -20.1 24
312 10 -14 -16.49 23
313 10 -13 -15.37 16
314 10 -6 -6.68 7
315 10 3 4.6 4
316 10 6 8.41 9
317 10 1 2.17 1
318 10 9 12.26 13
319 10 -3 -2.77 13
320 10 -3 -2.8 6
321 10 4 5.99 2
322 10 8 11.07 13
323 10 -3 -2.71 11
324 10 -1 -0.22 2
325 10 8 11.11 2
326 10 8 11.19 14
327 10 -4 -3.85 8
328 10 2 3.67 5
329 10 5 7.47 0
330 10 10 13.82 0
331 10 10 13.92 0
332 10 10 14.02 33
333 10 -23 -27.46 30
334 10 -20 -23.91 32
335 10 -22 -26.63 25
336 10 -15 -18.03 20
337 10 -10 -11.88 17
338 10 -7 -8.2 14
339 10 -4 -4.49 7
340 10 3 4.29 9
341 10 1 1.8 2
342 10 8 10.63 15
343 10 -5 -5.67 9
344 10 1 1.84 1
345 10 9 11.93 5
346 10 5 6.98 10
347 10 0 0.73 6
348 10 4 5.77 10
349 10 0 0.77 12
350 10 -2 -1.75 9
351 10 1 2.01 8
352 10 2 3.28 11
353 10 -1 -0.48 8
354 10 2 3.29 8
355 10 2 3.31 1
356 10 9 12.15 0
357 10 10 13.5 21
358 10 -11 -12.86 21
359 10 -11 -12.97 20
360 10 -10 -11.82 11
361 10 -1 -0.58 5
362 10 5 6.97 2
363 10 8 10.8 17
364 10 -7 -8.02 9
365 10 1 1.99 4
366 10 6 8.3 2
367 10 8 10.88 2
368 10 8 10.96 18
369 10 -8 -9.12 21
370 10 -11 -12.98 17
371 10 -7 -8.05 13
372 10 -3 -3.08 8
373 10 2 3.19 2
374 10 8 10.77 4
375 10 6 8.33 0
376 10 10 13.43 11
377 10 -1 -0.33 13
378 10 -3 -2.86 11
379 10 -1 -0.37 3
380 10 7 9.7 9
381 10 1 2.21 9
382 10 1 2.22 6
383 10 4 6.01 9
384 10 1 2.27 5
385 10 5 7.32 6
386 10 4 6.11 6
387 10 4 6.15 4
388 10 6 8.71 1
389 10 9 12.55 0
390 10 10 13.9 19
391 10 -9 -9.94 24
392 10 -14 -16.33 18
393 10 -8 -8.91 13
394 10 -3 -2.69 12
395 10 -2 -1.46 3
396 10 7 9.86 2
397 10 8 11.19 0
398 10 10 13.79 0
399 10 10 13.89 26
400 10 -16 -18.77 25
401 10 -15 -17.67 20
402 10 -10 -11.52 13
403 10 -3 -2.8 6
404 10 4 5.99 0
405 10 10 13.59 0
406 10 10 13.69 7
407 10 3 4.97 25
408 10 -15 -17.68 22
409 10 -12 -14.05 16
410 10 -6 -6.61 18
411 10 -8 -9.19 11
412 10 -1 -0.45 8
413 10 2 3.32 2
414 10 8 10.9 1
415 10 9 12.24 19
416 10 -9 -10.35 13
417 10 -3 -2.88 10
418 10 0 0.87 1
419 10 9 12.21 1
420 10 9 12.3 6
421 10 4 6.09 14
422 10 -4 -3.95 17
423 10 -7 -7.77 10
424 10 0 0.98 7
425 10 3 4.76 0
426 10 10 13.61 4
427 10 6 8.67 11
428 10 -1 -0.09 4
429 10 6 8.72 0
430 10 10 13.82 25
431 10 -15 -17.58 30
432 10 -20 -24.03 25
433 10 -15 -17.93 19
434 10 -9 -10.52 15
435 10 -5 -5.57 14
436 10 -4 -4.36 9
437 10 1 1.9 1
438 10 9 11.99 3
439 10 7 9.56 19
440 10 -9 -10.53 14
441 10 -4 -4.32 11
442 10 -1 -0.58 7
443 10 3 4.45 3
444 10 7 9.52 8
445 10 2 3.29 5
446 10 5 7.09 12
447 10 -2 -1.68 4
448 10 6 8.38 10
449 10 0 0.88 3
450 10 7 9.7 7
451 10 3 4.73 0
452 10 10 13.58 5
453 10 5 7.38 4
454 10 6 8.69 5
455 10 5 7.49 12
456 10 -2 -1.28 5
457 10 5 7.52 3
458 10 7 10.09 9
459 10 1 2.6 12
460 10 -2 -1.17 12
461 10 -2 -1.19 11
462 10 -1 0.05 9
463 10 1 2.56 5
464 10 5 7.61 4
465 10 6 8.92 0
466 10 10 14.02 0
467 10 10 14.12 21
468 10 -11 -12.24 25
469 10 -15 -17.39 20
470 10 -10 -11.24 14
471 10 -4 -3.78 10
472 10 0 1.22 2
473 10 8 11.3 5
474 10 5 7.6 0
475 10 10 13.95 17
476 10 -7 -7.37 15
477 10 -5 -4.92 5
478 10 5 7.63 9
479 10 1 2.64 5
480 10 5 7.69 13
481 10 -3 -2.34 12
482 10 -2 -1.11 11
483 10 -1 0.13 9
484 10 1 2.64 6
485 10 4 6.43 5
486 10 5 7.73 0
487 10 10 14.08 9
488 10 1 2.84 10
489 10 0 1.59 11
490 10 -1 0.33 9
491 10 1 2.84 12
492 10 -2 -0.93 11
493 10 -1 0.31 6
494 10 4 6.6 3
495 10 7 10.42 0
496 10 10 14.27 16
497 10 -6 -5.79 14
498 10 -4 -3.33 6
499 10 4 6.71 0
500 10 10 14.31 17
501 10 -7 -7.01 12
502 10 -2 -0.78 7
503 10 3 5.5 8
504 10 2 4.27 9
505 10 1 3.03 9
506 10 1 3.04 3
507 10 7 10.61 3
508 10 7 10.68 1
509 10 9 13.27 1
510 10 9 13.36 15
511 10 -5 -4.19 13
512 10 -3 -1.72 14
513 10 -4 -3.01 10
514 10 0 1.99 10
515 10 0 1.99 10
516 10 0 1.99 6
517 10 4 7.03 0
518 10 10 14.63 0
519 10 10 14.73 17
520 10 -7 -6.59 12
521 10 -2 -0.36 6
522 10 4 7.18 10
523 10 0 2.18 7
524 10 3 5.96 8
525 10 2 4.73 9
526 10 1 3.49 17
527 10 -7 -6.58 12
528 10 -2 -0.35 6
529 10 4 7.19 9
530 10 1 3.45 6
531 10 4 7.24 3
532 10 7 11.06 5
533 10 5 8.61 19
534 10 -9 -8.98 14
535 10 -4 -2.77 9
536 10 1 3.49 9
537 10 1 3.5 10
538 10 0 2.25 7
539 10 3 6.03 8
540 10 2 4.8 7
541 10 3 6.08 11
542 10 -1 1.07 7
543 10 3 6.1 3
544 10 7 11.17 10
545 10 0 2.42 8
546 10 2 4.94 6
547 10 4 7.48 2
548 10 8 12.56 0
549 10 10 15.16 21
550 10 -11 -11.2 22
551 10 -12 -12.57 15
552 10 -5 -3.87 9
553 10 1 3.64 10
554 10 0 2.39 4
555 10 6 9.95 2
556 10 8 12.53 13
557 10 -3 -1.25 13
558 10 -3 -1.28 12
559 10 -2 -0.05 12
560 10 -2 -0.07 5
561 10 5 8.73 5
562 10 5 8.78 19
563 10 -9 -8.81 11
564 10 -1 1.18 11
565 10 -1 1.17 8
566 10 2 4.94 1
567 10 9 13.78 11
568 10 -1 1.27 14
569 10 -4 -2.52 9
570 10 1 3.74 9
571 10 1 3.75 9
572 10 1 3.76 2
573 10 8 12.59 7
574 10 3 6.37 0
575 10 10 15.22 8
576 10 2 5.24 14
577 10 -4 -2.3 10
578 10 0 2.7 6
579 10 4 7.74 4
580 10 6 10.3 7
581 10 3 6.58 17
582 10 -7 -5.99 11
583 10 -1 1.5 11
584 10 -1 1.49 7
585 10 3 6.52 11
586 10 -1 1.51 7
587 10 3 6.54 12
588 10 -2 0.27 9
589 10 1 4.03 9
590 10 1 4.04 9
591 10 1 4.05 4
592 10 6 10.36 7
593 10 3 6.64 17
594 10 -7 -5.93 9
595 10 1 4.08 9
596 10 1 4.09 6
597 10 4 7.88 2
598 10 8 12.96 0
599 10 10 15.56 1
600 10 9 14.4 0
601 10 10 15.75 20
602 10 -10 -9.35 36
603 10 -26 -29.61 39
604 10 -29 -33.65 33
605 10 -23 -26.38 30
606 10 -20 -22.83 28
607 10 -18 -20.51 22
608 10 -12 -13.13 18
609 10 -8 -8.21 16
610 10 -6 -5.77 15
611 10 -5 -4.57 11
612 10 -1 0.42 6
613 10 4 6.71 3
614 10 7 10.53 2
615 10 8 11.86 0
616 10 10 14.46 10
617 10 0 1.96 28
618 10 -18 -20.72 27
619 10 -17 -19.64 23
620 10 -13 -14.77 18
621 10 -8 -8.6 10
622 10 0 1.4 6
623 10 4 6.44 0
624 10 10 14.04 1
625 10 9 12.88 9
626 10 1 2.89 18
627 10 -8 -8.44 17
628 10 -7 -7.26 16
629 10 -6 -6.07 8
630 10 2 3.95 0
631 10 10 14.05 4
632 10 6 9.11 9
633 10 1 2.87 5
634 10 5 7.92 5
635 10 5 7.97 19
636 10 -9 -9.62 14
637 10 -4 -3.41 8
638 10 2 4.11 10
639 10 0 1.61 11
640 10 -1 0.35 3
641 10 7 10.42 1
642 10 9 13.01 17
643 10 -7 -7.06 19
644 10 -9 -9.65 19
645 10 -9 -9.74 19
646 10 -9 -9.83 14
647 10 -4 -3.62 8
648 10 2 3.9 1
649 10 9 12.74 10
650 10 0 1.49 4
651 10 6 9.05 3
652 10 7 10.37 1
653 10 9 12.96 0
654 10 10 14.31 21
655 10 -11 -12.05 26
656 10 -16 -18.46 25
657 10 -15 -17.36 18
658 10 -8 -8.69 17
659 10 -7 -7.51 17
660 10 -7 -7.58 8
661 10 2 3.69 4
662 10 6 8.75 8
663 10 2 3.77 5
664 10 5 7.57 5
665 10 5 7.62 19
666 10 -9 -9.97 13
667 10 -3 -2.5 5
668 10 5 7.55 1
669 10 9 12.64 8
670 10 2 3.91 23
671 10 -13 -14.97 18
672 10 -8 -8.8 17
673 10 -7 -7.62 9
674 10 1 2.39 1
675 10 9 12.48 5
676 10 5 7.53 2
677 10 8 11.36 0
678 10 10 13.96 7
679 10 3 5.24 11
680 10 -1 0.23 8
681 10 2 4.0 14
682 10 -4 -3.54 12
683 10 -2 -1.06 7
684 10 3 5.22 7
685 10 3 5.25 3
686 10 7 10.32 6
687 10 4 6.61 0
688 10 10 14.21 1
689 10 9 13.05 9
690 10 1 3.06 16
691 10 -6 -5.75 8
692 10 2 4.27 3
693 10 7 10.59 0
694 10 10 14.44 8
695 10 2 4.46 14
696 10 -4 -3.08 15
697 10 -5 -4.38 7
698 10 3 5.65 2
699 10 8 11.98 11
700 10 -1 0.72 9
701 10 1 3.23 4
702 10 6 9.54 14
703 10 -4 -3.0 11
704 10 -1 0.74 7
705 10 3 5.77 8
706 10 2 4.54 6
707 10 4 7.08 7
708 10 3 5.86 0
709 10 10 14.71 6
710 10 4 7.25 9
711 10 1 3.51 5
712 10 5 8.56 17
713 10 -7 -6.51 16
714 10 -6 -5.32 8
715 10 2 4.7 8
716 10 2 4.72 3
717 10 7 11.04 10
718 10 0 2.29 8
719 10 2 4.81 8
720 10 2 4.83 14
721 10 -4 -2.71 5
722 10 5 8.59 2
723 10 8 12.42 5
724 10 5 8.72 2
725 10 8 12.55 2
726 10 8 12.63 23
727 10 -13 -13.75 17
728 10 -7 -6.32 14
729 10 -4 -2.61 8
730 10 2 4.91 5
731 10 5 8.71 0
732 10 10 15.06 18
733 10 -8 -7.52 16
734 10 -6 -5.08 16
735 10 -6 -5.14 13
736 10 -3 -1.42 13
737 10 -3 -1.45 13
738 10 -3 -1.48 4
739 10 6 9.83 5
740 10 5 8.63 7
741 10 3 6.16 15
742 10 -5 -3.89 14
743 10 -4 -2.68 8
744 10 2 4.84 3
745 10 7 11.16 14
746 10 -4 -2.63 13
747 10 -3 -1.41 12
748 10 -2 -0.18 9
749 10 1 3.58 3
750 10 7 11.15 15
751 10 -5 -3.9 15
752 10 -5 -3.95 9
753 10 1 3.56 6
754 10 4 7.35 8
755 10 2 4.87 5
756 10 5 8.67 15
757 10 -5 -3.88 13
758 10 -3 -1.41 9
759 10 1 3.6 7
760 10 3 6.13 10
761 10 0 2.38 9
762 10 1 3.64 9
763 10 1 3.65 7
764 10 3 6.18 12
765 10 -2 -0.09 12
766 10 -2 -0.11 13
767 10 -3 -1.39 11
768 10 -1 1.1 7
769 10 3 6.13 4
770 10 6 9.94 0
771 10 10 15.04 7
772 10 3 6.32 18
773 10 -8 -7.51 20
774 10 -10 -10.11 15
775 10 -5 -3.91 8
776 10 2 4.86 9
777 10 1 3.62 8
778 10 2 4.89 8
779 10 2 4.91 10
780 10 0 2.41 3
781 10 7 11.23 21
782 10 -11 -11.38 15
783 10 -5 -3.93 13
784 10 -3 -1.46 8
785 10 2 4.81 9
786 10 1 3.57 4
787 10 6 9.88 3
788 10 7 11.2 6
789 10 4 7.49 14
790 10 -4 -2.55 15
791 10 -5 -3.85 10
792 10 0 2.4 1
793 10 9 13.74 2
794 10 8 12.57 14
795 10 -4 -2.47 7
796 10 3 6.31 8
797 10 2 5.08 6
798 10 4 7.62 26
799 10 -16 -17.54 23
800 10 -13 -13.92 16
801 10 -6 -5.23 14
802 10 -4 -2.77 13
803 10 -3 -1.55 9
804 10 1 3.46 5
805 10 5 8.51 5
806 10 5 8.56 4
807 10 6 9.87 3
808 10 7 11.19 0
809 10 10 15.04 18
810 10 -8 -7.54 21
811 10 -11 -11.4 22
812 10 -12 -12.77 17
813 10 -7 -6.59 18
814 10 -8 -7.92 11
815 10 -1 0.82 5
816 10 5 8.37 5
817 10 5 8.42 9
818 10 1 3.43 9
819 10 1 3.44 9
820 10 1 3.45 4
821 10 6 9.76 10
822 10 0 2.26 9
823 10 1 3.52 4
824 10 6 9.83 14
825 10 -4 -2.71 8
826 10 2 4.81 1
827 10 9 13.65 4
828 10 6 9.96 7
829 10 3 6.24 5
830 10 5 8.79 14
831 10 -4 -2.5 9
832 10 1 3.76 8
833 10 2 5.03 11
834 10 -1 1.27 11
835 10 -1 1.26 11
836 10 -1 1.25 7
837 10 3 6.28 7
838 10 3 6.31 1
839 10 9 13.9 12
840 10 -2 0.13 11
841 10 -1 1.37 9
842 10 1 3.88 5
843 10 5 8.93 8
844 10 2 5.2 2
845 10 8 12.78 5
846 10 5 9.08 3
847 10 7 11.65 7
848 10 3 6.68 4
849 10 6 10.49 6
850 10 4 8.03 19
851 10 -9 -8.31 14
852 10 -4 -2.1 18
853 10 -8 -7.18 15
854 10 -5 -3.48 8
855 10 2 5.29 2
856 10 8 12.87 2
857 10 8 12.95 21
858 10 -11 -10.91 24
859 10 -14 -14.8 21
860 10 -11 -11.16 16
861 10 -6 -4.97 9
862 10 1 3.79 9
863 10 1 3.8 8
864 10 2 5.07 9
865 10 1 3.83 5
866 10 5 8.88 5
867 10 5 8.93 5
868 10 5 8.98 1
869 10 9 14.07 7
870 10 3 6.6 7
871 10 3 6.63 2
872 10 8 12.96 21
873 10 -11 -10.9 21
874 10 -11 -11.01 21
875 10 -11 -11.12 20
876 10 -10 -9.97 17
877 10 -7 -6.29 14
878 10 -4 -2.58 7
879 10 3 6.2 10
880 10 0 2.45 6
881 10 4 7.49 3
882 10 7 11.31 2
883 10 8 12.64 6
884 10 4 7.68 14
885 10 -4 -2.36 20
886 10 -10 -9.96 24
887 10 -14 -15.1 16
888 10 -6 -5.16 8
889 10 2 4.86 4
890 10 6 9.92 8
891 10 2 4.94 8
892 10 2 4.96 12
893 10 -2 -0.06 4
894 10 6 10.0 0
895 10 10 15.1 0
896 10 10 15.2 2
897 10 8 12.78 50
898 10 -40 -47.62 50
899 10 -40 -48.02 51
900 10 -41 -49.68 46
901 10 -36 -43.79 42
902 10 -32 -39.11 41
903 10 -31 -38.17 38
904 10 -28 -34.7 31
905 10 -21 -26.16 30
906 10 -20 -25.11 26
907 10 -16 -20.27 18
908 10 -8 -10.35 8
909 10 2 2.17 0
910 10 10 12.27 7
911 10 3 3.55 2
912 10 8 9.88 0
913 10 10 12.48 21
914 10 -11 -13.88 17
915 10 -7 -8.95 12
916 10 -2 -2.72 2
917 10 8 9.86 8
918 10 2 2.38 1
919 10 9 11.22 4
920 10 6 7.53 4
921 10 6 7.59 5
922 10 5 6.39 13
923 10 -3 -3.64 5
924 10 5 6.41 4
925 10 6 7.72 0
926 10 10 12.82 0
927 10 10 12.92 15
928 10 -5 -5.88 17
929 10 -7 -8.45 10
930 10 0 0.3 3
931 10 7 9.12 0
932 10 10 12.97 2
933 10 8 10.55 7
934 10 3 4.33 4
935 10 6 8.14 13
936 10 -3 -3.14 10
937 10 0 0.61 9
938 10 1 1.87 3
939 10 7 9.44 5
940 10 5 6.99 5
941 10 5 7.04 3
942 10 7 9.61 1
943 10 9 12.2 7
944 10 3 4.73 20
945 10 -10 -11.62 15
946 10 -5 -5.42 5
947 10 5 7.13 5
948 10 5 7.18 9
949 10 1 2.19 8
950 10 2 3.46 6
951 10 4 6.0 1
952 10 9 12.34 0
953 10 10 13.69 0
954 10 10 13.79 20
955 10 -10 -11.31 15
956 10 -5 -5.11 7
957 10 3 4.92 6
958 10 4 6.21 9
959 10 1 2.47 8
960 10 2 3.74 5
961 10 5 7.54 4
962 10 6 8.85 4
963 10 6 8.91 0
964 10 10 14.01 0
965 10 10 14.11 0
966 10 10 14.21 23
967 10 -13 -14.67 30
968 10 -20 -23.62 38
969 10 -28 -33.9 39
970 10 -29 -35.44 38
971 10 -28 -34.47 31
972 10 -21 -25.93 25
973 10 -15 -18.58 19
974 10 -9 -11.17 13
975 10 -3 -3.7 9
976 10 1 1.31 3
977 10 7 8.88 1
978 10 9 11.47 5
979 10 5 6.52 3
980 10 7 9.09 2
981 10 8 10.42 11
982 10 -1 -0.84 5
983 10 5 6.71 8
984 10 2 2.98 3
985 10 7 9.3 0
986 10 10 13.15 0
987 10 10 13.25 5
988 10 5 7.05 6
989 10 4 5.84 0
990 10 10 13.44 11
991 10 -1 -0.32 15
992 10 -5 -5.37 19
993 10 -9 -10.46 18
994 10 -8 -9.29 9
995 10 1 1.97 8
996 10 2 3.24 7
997 10 3 4.52 0
998 10 10 13.37 0
999 10 10 13.47 10
