0.5 0.5 0 0.4 0
0.5 0.1 0 0.08 0.4
0.5 0.42 0 0.336 0.08
0.5 0.164 0 0.1312 0.336
0.5 0.3688 0 0.29504 0.1312
0.5 0.20496 0 0.163968 0.29504
0.5 0.336032 0 0.2688256 0.163968
0.5 0.2311744 0 0.18493952 0.2688256
0.5 0.31506048 0 0.252048384 0.18493952
0.5 0.247951616 0 0.1983612928 0.252048384
0.5 0.3016387072 0 0.24131096576 0.1983612928
0.5 0.25868903424 0 0.206951227392 0.24131096576
0.5 0.293048772608 0 0.234439018086 0.206951227392
0.5 0.265560981914 0 0.212448785531 0.234439018086
0.5 0.287551214469 0 0.230040971575 0.212448785531
0.5 0.269959028425 0 0.21596722274 0.230040971575
0.5 0.28403277726 0 0.227226221808 0.21596722274
0.5 0.272773778192 0 0.218219022553 0.227226221808
0.5 0.281780977447 0 0.225424781957 0.218219022553
0.5 0.274575218043 0 0.219660174434 0.225424781957
0.5 0.280339825566 0 0.224271860453 0.219660174434
0.5 0.275728139547 0 0.220582511638 0.224271860453
0.5 0.279417488362 0 0.22353399069 0.220582511638
0.5 0.27646600931 0 0.221172807448 0.22353399069
0.5 0.278827192552 0 0.223061754041 0.221172807448
0.5 0.276938245959 0 0.221550596767 0.223061754041
0.5 0.278449403233 0 0.222759522586 0.221550596767
0.5 0.277240477414 0 0.221792381931 0.222759522586
0.5 0.278207618069 0 0.222566094455 0.221792381931
0.5 0.277433905545 0 0.221947124436 0.222566094455
0.5 0.278052875564 0 0.222442300451 0.221947124436
0.5 0.277557699549 0 0.222046159639 0.222442300451
0.5 0.277953840361 0 0.222363072289 0.222046159639
0.5 0.277636927711 0 0.222109542169 0.222363072289
0.5 0.277890457831 0 0.222312366265 0.222109542169
0.5 0.277687633735 0 0.222150106988 0.222312366265
0.5 0.277849893012 0 0.22227991441 0.222150106988
0.5 0.27772008559 0 0.222176068472 0.22227991441
0.5 0.277823931528 0 0.222259145222 0.222176068472
0.5 0.277740854778 0 0.222192683822 0.222259145222
0.5 0.277807316178 0 0.222245852942 0.222192683822
0.5 0.277754147058 0 0.222203317646 0.222245852942
0.5 0.277796682354 0 0.222237345883 0.222203317646
0.5 0.277762654117 0 0.222210123294 0.222237345883
0.5 0.277789876706 0 0.222231901365 0.222210123294
0.5 0.277768098635 0 0.222214478908 0.222231901365
0.5 0.277785521092 0 0.222228416874 0.222214478908
0.5 0.277771583126 0 0.222217266501 0.222228416874
0.5 0.277782733499 0 0.222226186799 0.222217266501
0.5 0.277773813201 0 0.222219050561 0.222226186799
0.5 0.277780949439 0 0.222224759551 0.222219050561
0.5 0.277775240449 0 0.222220192359 0.222224759551
0.5 0.277779807641 0 0.222223846113 0.222220192359
0.5 0.277776153887 0 0.22222092311 0.222223846113
0.5 0.27777907689 0 0.222223261512 0.22222092311
0.5 0.277776738488 0 0.22222139079 0.222223261512
0.5 0.27777860921 0 0.222222887368 0.22222139079
0.5 0.277777112632 0 0.222221690106 0.222222887368
0.5 0.277778309894 0 0.222222647915 0.222221690106
0.5 0.277777352085 0 0.222221881668 0.222222647915
0.5 0.277778118332 0 0.222222494666 0.222221881668
0.5 0.277777505334 0 0.222222004267 0.222222494666
0.5 0.277777995733 0 0.222222396586 0.222222004267
0.5 0.277777603414 0 0.222222082731 0.222222396586
0.5 0.277777917269 0 0.222222333815 0.222222082731
0.5 0.277777666185 0 0.222222132948 0.222222333815
0.5 0.277777867052 0 0.222222293642 0.222222132948
0.5 0.277777706358 0 0.222222165087 0.222222293642
0.5 0.277777834913 0 0.222222267931 0.222222165087
0.5 0.277777732069 0 0.222222185655 0.222222267931
0.5 0.277777814345 0 0.222222251476 0.222222185655
0.5 0.277777748524 0 0.222222198819 0.222222251476
0.5 0.277777801181 0 0.222222240944 0.222222198819
0.5 0.277777759056 0 0.222222207244 0.222222240944
0.5 0.277777792756 0 0.222222234204 0.222222207244
0.5 0.277777765796 0 0.222222212636 0.222222234204
0.5 0.277777787364 0 0.222222229891 0.222222212636
0.5 0.277777770109 0 0.222222216087 0.222222229891
0.5 0.277777783913 0 0.22222222713 0.222222216087
0.5 0.27777777287 0 0.222222218296 0.22222222713
0.5 0.277777781704 0 0.222222225363 0.222222218296
0.5 0.277777774637 0 0.222222219709 0.222222225363
0.5 0.277777780291 0 0.222222224233 0.222222219709
0.5 0.277777775767 0 0.222222220614 0.222222224233
0.5 0.277777779386 0 0.222222223509 0.222222220614
0.5 0.277777776491 0 0.222222221193 0.222222223509
0.5 0.277777778807 0 0.222222223046 0.222222221193
0.5 0.277777776954 0 0.222222221563 0.222222223046
0.5 0.277777778437 0 0.222222222749 0.222222221563
0.5 0.277777777251 0 0.222222221801 0.222222222749
0.5 0.277777778199 0 0.222222222559 0.222222221801
0.5 0.277777777441 0 0.222222221952 0.222222222559
0.5 0.277777778048 0 0.222222222438 0.222222221952
0.5 0.277777777562 0 0.22222222205 0.222222222438
0.5 0.27777777795 0 0.22222222236 0.22222222205
0.5 0.27777777764 0 0.222222222112 0.22222222236
0.5 0.277777777888 0 0.222222222311 0.222222222112
0.5 0.277777777689 0 0.222222222151 0.222222222311
0.5 0.277777777849 0 0.222222222279 0.222222222151
0.5 0.277777777721 0 0.222222222177 0.222222222279
0.5 0.277777777823 0 0.222222222258 0.222222222177
0.5 0.277777777742 0 0.222222222193 0.222222222258
0.5 0.277777777807 0 0.222222222245 0.222222222193
0.5 0.277777777755 0 0.222222222204 0.222222222245
0.5 0.277777777796 0 0.222222222237 0.222222222204
0.5 0.277777777763 0 0.22222222221 0.222222222237
0.5 0.27777777779 0 0.222222222232 0.22222222221
0.5 0.277777777768 0 0.222222222215 0.222222222232
0.5 0.277777777785 0 0.222222222228 0.222222222215
0.5 0.277777777772 0 0.222222222217 0.222222222228
0.5 0.277777777783 0 0.222222222226 0.222222222217
0.5 0.277777777774 0 0.222222222219 0.222222222226
0.5 0.277777777781 0 0.222222222225 0.222222222219
0.5 0.277777777775 0 0.22222222222 0.222222222225
0.5 0.27777777778 0 0.222222222224 0.22222222222
0.5 0.277777777776 0 0.222222222221 0.222222222224
0.5 0.277777777779 0 0.222222222223 0.222222222221
0.5 0.277777777777 0 0.222222222221 0.222222222223
0.5 0.277777777779 0 0.222222222223 0.222222222221
0.5 0.277777777777 0 0.222222222222 0.222222222223
0.5 0.277777777778 0 0.222222222223 0.222222222222
0.5 0.277777777777 0 0.222222222222 0.222222222223
0.5 0.277777777778 0 0.222222222222 0.222222222222
0.5 0.277777777778 0 0.222222222222 0.222222222222
0.5 0.277777777778 0 0.222222222222 0.222222222222
0.5 0.277777777778 0 0.222222222222 0.222222222222
0.5 0.277777777778 0 0.222222222222 0.222222222222
0.5 0.277777777778 0 0.222222222222 0.222222222222
0.5 0.277777777778 0 0.222222222222 0.222222222222
0.5 0.277777777778 0 0.222222222222 0.222222222222
0.5 0.277777777778 0 0.222222222222 0.222222222222
0.5 0.277777777778 0 0.222222222222 0.222222222222
0.5 0.277777777778 0 0.222222222222 0.222222222222
0.5 0.277777777778 0 0.222222222222 0.222222222222
0.5 0.277777777778 0 0.222222222222 0.222222222222
0.5 0.277777777778 0 0.222222222222 0.222222222222
0.5 0.277777777778 0 0.222222222222 0.222222222222
0.5 0.277777777778 0 0.222222222222 0.222222222222
0.5 0.277777777778 0 0.222222222222 0.222222222222
0.5 0.277777777778 0 0.222222222222 0.222222222222
0.5 0.277777777778 0 0.222222222222 0.222222222222
0.5 0.277777777778 0 0.222222222222 0.222222222222
0.5 0.277777777778 0 0.222222222222 0.222222222222
0.5 0.277777777778 0 0.222222222222 0.222222222222
0.5 0.277777777778 0 0.222222222222 0.222222222222
0.5 0.277777777778 0 0.222222222222 0.222222222222
0.5 0.277777777778 0 0.222222222222 0.222222222222
0.5 0.277777777778 0 0.222222222222 0.222222222222
0.5 0.277777777778 0 0.222222222222 0.222222222222
0.5 0.277777777778 0 0.222222222222 0.222222222222
0.5 0.277777777778 0 0.222222222222 0.222222222222
0.5 0.277777777778 0 0.222222222222 0.222222222222
0.5 0.277777777778 0 0.222222222222 0.222222222222
0.5 0.277777777778 0 0.222222222222 0.222222222222
0.5 0.277777777778 0 0.222222222222 0.222222222222
0.5 0.277777777778 0 0.222222222222 0.222222222222
0.5 0.277777777778 0 0.222222222222 0.222222222222
0.5 0.277777777778 0 0.222222222222 0.222222222222
0.5 0.277777777778 0 0.222222222222 0.222222222222
0.5 0.277777777778 0 0.222222222222 0.222222222222
0.5 0.277777777778 0 0.222222222222 0.222222222222
0.5 0.277777777778 0 0.222222222222 0.222222222222
0.5 0.277777777778 0 0.222222222222 0.222222222222
0.5 0.277777777778 0 0.222222222222 0.222222222222
0.5 0.277777777778 0 0.222222222222 0.222222222222
0.5 0.277777777778 0 0.222222222222 0.222222222222
0.5 0.277777777778 0 0.222222222222 0.222222222222
0.5 0.277777777778 0 0.222222222222 0.222222222222
0.5 0.277777777778 0 0.222222222222 0.222222222222
0.5 0.277777777778 0 0.222222222222 0.222222222222
0.5 0.277777777778 0 0.222222222222 0.222222222222
0.5 0.277777777778 0 0.222222222222 0.222222222222
0.5 0.277777777778 0 0.222222222222 0.222222222222
0.5 0.277777777778 0 0.222222222222 0.222222222222
0.5 0.277777777778 0 0.222222222222 0.222222222222
0.5 0.277777777778 0 0.222222222222 0.222222222222
0.5 0.277777777778 0 0.222222222222 0.222222222222
0.5 0.277777777778 0 0.222222222222 0.222222222222
0.5 0.277777777778 0 0.222222222222 0.222222222222
0.5 0.277777777778 0 0.222222222222 0.222222222222
0.5 0.277777777778 0 0.222222222222 0.222222222222
0.5 0.277777777778 0 0.222222222222 0.222222222222
0.5 0.277777777778 0 0.222222222222 0.222222222222
0.5 0.277777777778 0 0.222222222222 0.222222222222
0.5 0.277777777778 0 0.222222222222 0.222222222222
0.5 0.277777777778 0 0.222222222222 0.222222222222
0.5 0.277777777778 0 0.222222222222 0.222222222222
0.5 0.277777777778 0 0.222222222222 0.222222222222
0.5 0.277777777778 0 0.222222222222 0.222222222222
0.5 0.277777777778 0 0.222222222222 0.222222222222
0.5 0.277777777778 0 0.222222222222 0.222222222222
0.5 0.277777777778 0 0.222222222222 0.222222222222
0.5 0.277777777778 0 0.222222222222 0.222222222222
0.5 0.277777777778 0 0.222222222222 0.222222222222
0.5 0.277777777778 0 0.222222222222 0.222222222222
0.5 0.277777777778 0 0.222222222222 0.222222222222
0.5 0.277777777778 0 0.222222222222 0.222222222222
0.5 0.277777777778 0 0.222222222222 0.222222222222
0.5 0.277777777778 0 0.222222222222 0.222222222222
0.5 0.277777777778 0 0.222222222222 0.222222222222
